#x,nm; y, um^2
539.608,0.0625776
540.164,0.0630465
540.719,0.0621086
541.275,0.0667985
541.83,0.0641721
542.386,0.0644535
542.942,0.0645473
543.497,0.0639845
544.053,0.0639845
544.608,0.0686745
545.164,0.0729624
545.72,0.0733644
546.275,0.0736771
546.831,0.0745369
547.386,0.0826401
547.942,0.0853498
548.497,0.0893102
549.053,0.0894978
549.609,0.0987716
550.164,0.103925
550.72,0.111487
551.275,0.119795
551.831,0.124272
552.387,0.126204
552.942,0.126947
553.498,0.130061
554.053,0.132692
554.609,0.140372
555.165,0.143401
555.72,0.141904
556.276,0.142046
556.831,0.152507
557.387,0.152837
557.943,0.152582
558.498,0.150857
559.054,0.147986
559.609,0.135422
560.165,0.14269
560.721,0.133297
561.276,0.127659
561.832,0.108142
562.387,0.107675
562.943,0.10297
563.498,0.0977521
564.054,0.0941043
564.61,0.0940783
565.165,0.0906745
565.721,0.0824132
566.276,0.080779
566.832,0.0744196
567.388,0.0697297
567.943,0.0690262
568.499,0.0678705
569.054,0.0662123
569.61,0.0637761
570.166,0.0611706
570.721,0.0626948
571.277,0.0634485
571.832,0.0609026
572.388,0.0596463
572.944,0.0606495
573.499,0.0607016
574.055,0.0599981
574.61,0.0600986
575.166,0.0611706
575.722,0.0649225
576.277,0.0610142
576.833,0.0621086
577.388,0.0667985
577.944,0.0672675
578.499,0.0674238
579.055,0.0680491
579.611,0.0649225
580.166,0.0667985
580.722,0.0741684
581.277,0.0721919
581.833,0.0707849
582.389,0.0706547
582.944,0.0794613
583.5,0.0818063
584.055,0.0815718
584.611,0.0827443
585.167,0.0819626
585.722,0.0841513
586.278,0.0905999
586.833,0.0911862
587.389,0.0886653
587.945,0.0902482
588.5,0.100834
589.056,0.0990027
589.611,0.0986901
590.167,0.0992112
590.723,0.100045
591.278,0.101191
591.834,0.10952
592.389,0.110549
592.945,0.10848
593.501,0.114261
594.056,0.119582
594.612,0.119795
595.167,0.1208
595.723,0.122006
596.278,0.121738
596.834,0.120934
597.39,0.124954
597.945,0.130137
598.501,0.133812
599.056,0.13455
599.612,0.13968
600.168,0.141087
600.723,0.145589
601.279,0.144547
601.834,0.145003
602.39,0.145053
602.946,0.146783
603.501,0.147551
604.057,0.154902
604.612,0.153937
605.168,0.155751
605.724,0.16388
606.279,0.164349
606.835,0.165019
607.39,0.164974
607.946,0.164584
608.502,0.164766
609.057,0.167163
609.613,0.1724
610.168,0.171384
610.724,0.171645
611.279,0.180107
611.835,0.182171
612.391,0.180998
612.946,0.181421
613.502,0.181702
614.057,0.180608
614.613,0.181702
615.169,0.183109
615.724,0.184047
616.28,0.183109
616.835,0.185193
617.391,0.194552
617.947,0.196803
618.502,0.197022
619.058,0.196053
619.613,0.195115
620.169,0.196777
620.725,0.195772
621.28,0.190613
621.836,0.197045
622.391,0.195985
622.947,0.198117
623.503,0.204683
624.058,0.20487
624.614,0.205085
625.169,0.204817
625.725,0.204817
626.28,0.204526
626.836,0.20487
627.392,0.205621
627.947,0.207028
628.503,0.207028
629.058,0.204147
629.614,0.207966
630.17,0.207497
630.725,0.209607
631.281,0.208703
631.836,0.208247
632.392,0.207497
632.948,0.208569
633.503,0.208122
634.059,0.210076
634.614,0.207028
635.17,0.207028
635.726,0.210311
636.281,0.211248
636.837,0.212655
637.392,0.210897
637.948,0.210897
638.504,0.210779
639.059,0.209909
639.615,0.210897
640.17,0.209138
640.726,0.208435
641.281,0.210311
641.837,0.207028
642.393,0.206402
642.948,0.206559
643.504,0.205933
644.059,0.208167
644.615,0.209031
645.171,0.207765
645.726,0.207614
646.282,0.208528
646.837,0.208167
647.393,0.206559
647.949,0.206934
648.504,0.20351
649.06,0.203745
649.615,0.203745
650.171,0.204683
650.727,0.205808
651.282,0.204057
651.838,0.205245
652.393,0.207028
652.949,0.20609
653.505,0.205034
654.06,0.204683
654.616,0.203932
655.171,0.202994
655.727,0.200462
656.282,0.200931
656.838,0.201556
657.394,0.201118
657.949,0.20222
658.505,0.202572
659.06,0.202003
659.616,0.201735
660.172,0.201764
660.727,0.201556
661.283,0.200931
661.838,0.201869
662.394,0.199055
662.95,0.194521
663.505,0.19413
664.061,0.194677
664.616,0.197366
665.172,0.195654
665.728,0.196358
666.283,0.196241
666.839,0.196345
667.394,0.196592
667.95,0.196803
668.506,0.194552
669.061,0.195303
669.617,0.196241
670.172,0.191316
670.728,0.190144
671.283,0.192489
671.839,0.191863
672.395,0.193218
672.95,0.193427
673.506,0.193427
674.061,0.192723
674.617,0.19284
675.173,0.192864
675.728,0.191551
676.284,0.191176
676.839,0.190613
677.395,0.188424
677.951,0.187799
678.506,0.18944
679.062,0.191176
679.617,0.191551
680.173,0.189943
680.729,0.190456
681.284,0.18944
681.84,0.190479
682.395,0.19202
682.951,0.191551
683.507,0.189206
684.062,0.18733
684.618,0.185767
685.173,0.185119
685.729,0.185454
686.284,0.186861
686.84,0.186157
687.396,0.184797
687.951,0.185789
688.507,0.185923
689.062,0.185923
689.618,0.18561
690.174,0.187048
690.729,0.185923
691.285,0.184672
691.84,0.184516
692.396,0.183265
692.952,0.182015
693.507,0.184985
694.063,0.184985
694.618,0.186236
695.174,0.185789
695.73,0.18436
696.285,0.186392
696.841,0.184985
697.396,0.185923
697.952,0.18733
698.508,0.18436
699.063,0.181608
699.619,0.182171
700.174,0.183109
700.73,0.182171
701.285,0.184985
701.841,0.185454
702.397,0.185688
702.952,0.18436
703.508,0.181233
704.063,0.182171
704.619,0.184181
705.175,0.184449
705.73,0.184985
706.286,0.186392
706.841,0.184516
707.397,0.181608
707.953,0.183578
708.508,0.183578
709.064,0.185454
709.619,0.18475
710.175,0.185219
710.731,0.183484
711.286,0.184399
711.842,0.18436
712.397,0.184583
712.953,0.18436
713.509,0.183734
714.064,0.184047
714.62,0.184047
715.175,0.183296
715.731,0.184047
716.286,0.186392
716.842,0.186548
717.398,0.18733
717.953,0.188502
718.509,0.191551
719.064,0.190613
719.62,0.191551
720.176,0.193427
720.731,0.191785
721.287,0.191417
721.842,0.188737
722.398,0.19202
722.954,0.189206
723.509,0.188201
724.065,0.187799
724.62,0.193427
725.176,0.193661
725.732,0.193896
726.287,0.195928
726.843,0.197413
727.398,0.196241
727.954,0.196006
728.51,0.196358
729.065,0.196375
729.621,0.196944
730.176,0.196658
730.732,0.196616
731.287,0.195772
731.843,0.199805
732.399,0.198921
732.954,0.200931
733.51,0.204683
734.065,0.205808
734.621,0.207028
735.177,0.212186
735.732,0.211248
736.288,0.211811
736.843,0.209748
737.399,0.210154
737.955,0.210467
738.51,0.210123
739.066,0.210123
739.621,0.211811
740.177,0.214062
740.733,0.212272
741.288,0.213593
741.844,0.222035
742.399,0.221754
742.955,0.225553
743.511,0.22782
744.066,0.228802
744.622,0.229539
745.177,0.230946
745.733,0.230946
746.288,0.231467
746.844,0.232554
747.4,0.232979
747.955,0.233057
748.511,0.234564
749.066,0.237981
749.622,0.236489
750.178,0.238137
750.733,0.250175
751.289,0.24858
751.844,0.251019
752.4,0.257491
752.956,0.25822
753.511,0.259354
754.067,0.265089
754.622,0.262994
755.178,0.264151
755.734,0.266121
756.289,0.265495
756.845,0.266078
757.4,0.267997
757.956,0.271092
758.512,0.270693
759.067,0.272635
759.623,0.284411
760.178,0.283942
760.734,0.286756
761.289,0.297335
761.845,0.298121
762.401,0.299654
762.956,0.304813
763.512,0.304203
764.067,0.304187
764.623,0.307653
765.179,0.308263
765.734,0.306655
766.29,0.31005
766.845,0.313063
767.401,0.314583
767.957,0.314293
768.512,0.318107
769.068,0.325817
769.623,0.328966
770.179,0.332249
770.735,0.333187
771.29,0.341003
771.846,0.345256
772.401,0.347939
772.957,0.349803
773.513,0.348546
774.068,0.350071
774.624,0.351478
775.179,0.352751
775.735,0.352103
776.29,0.352416
776.846,0.354292
777.402,0.356167
777.957,0.355832
778.513,0.361952
779.068,0.362452
779.624,0.363984
780.18,0.36414
780.735,0.367892
781.291,0.369182
781.846,0.372113
782.402,0.373364
782.958,0.37352
783.513,0.374224
784.069,0.374458
784.624,0.373364
785.18,0.37352
785.736,0.372019
786.291,0.373989
786.847,0.369664
787.402,0.367541
787.958,0.365931
788.514,0.360764
789.069,0.357199
789.625,0.35621
790.18,0.353689
790.736,0.346162
791.291,0.345068
791.847,0.342634
792.403,0.34116
792.958,0.34235
793.514,0.339284
794.069,0.339378
794.625,0.338413
795.181,0.334437
795.736,0.333083
796.292,0.33056
796.847,0.327872
797.403,0.327415
797.959,0.320993
798.514,0.315582
799.07,0.307861
799.625,0.303707
800.181,0.301429
800.737,0.298387
801.292,0.282119
801.848,0.280607
802.403,0.280738
802.959,0.27798
803.515,0.27326
804.07,0.269404
804.626,0.268257
805.181,0.263541
805.737,0.262621
806.292,0.260962
806.848,0.257039
807.404,0.255468
807.959,0.250957
808.515,0.240138
809.07,0.240951
809.626,0.237747
810.182,0.233995
810.737,0.231259
811.293,0.226256
811.848,0.212655
812.404,0.212421
812.96,0.211155
813.515,0.20707
814.071,0.205777
814.626,0.203817
815.182,0.201467
815.738,0.197179
816.293,0.197061
816.849,0.195303
817.404,0.194482
817.96,0.192623
818.516,0.192489
819.071,0.189608
819.627,0.18264
